000111000111000111000111000111000111000111000111000111000111000111000111000111000111000111000111000111000111000111000111
000111000111000111000111000111000111000111000111000111000111000111000111000111000111000111000111000111000111000111000111
000111000111000111000111000111000111000111000111000111000111000111000111000111000111000111000111000111000111000111000111
111000111000111000111000111000111000111000111000111000111000111000111000111000111000111000111000111000111000111000111000
111000111000111000111000111000111000111000111000111000111000111000111000111000111000111000111000111000111000111000111000
111000111000111000111000111000111000111000111000111000111000111000111000111000111000111000111000111000111000111000111000
000111000111000111000111000111000111000111000111000111000111000111000111000111000111000111000111000111000111000111000111
000111000111000111000111000111000111000111000111000111000111000111000111000111000111000111000111000111000111000111000111
000111000111000111000111000111000111000111000111000111000111000111000111000111000111000111000111000111000111000111000111
111000111000111000111000111000111000111000111000111000111000111000111000111000111000111000111000111000111000111000111000
111000111000111000111000111000111000111000111000111000111000111000111000111000111000111000111000111000111000111000111000
111000111000111000111000111000111000111000111000111000111000111000111000111000111000111000111000111000111000111000111000
